418.046 0
418.041 1.01378
418.026 2.02745
418 3.04093
417.965 4.05409
417.919 5.06686
417.864 6.07911
417.798 7.09076
417.722 8.1017
417.636 9.11183
417.54 10.121
417.433 11.1293
417.317 12.1363
417.191 13.1422
417.054 14.1468
416.908 15.1499
416.751 16.1516
416.585 17.1516
416.408 18.1499
416.222 19.1464
416.025 20.141
415.819 21.1335
415.603 22.124
415.376 23.1122
415.14 24.0981
414.894 25.0817
414.639 26.0627
414.373 27.0411
414.098 28.0168
413.813 28.9897
413.518 29.9597
413.214 30.9267
412.9 31.8906
412.576 32.8513
412.243 33.8087
411.9 34.7628
411.547 35.7133
411.185 36.6603
410.814 37.6037
410.433 38.5433
410.043 39.479
409.644 40.4108
409.235 41.3385
408.817 42.2621
408.39 43.1815
407.953 44.0965
407.508 45.0072
407.053 45.9133
406.59 46.8149
406.117 47.7118
405.635 48.6039
405.145 49.4911
404.646 50.3734
404.138 51.2507
403.621 52.1228
403.095 52.9897
402.561 53.8513
402.018 54.7076
401.467 55.5583
400.907 56.4035
400.339 57.2431
399.762 58.0769
399.177 58.905
398.584 59.7271
397.983 60.5433
397.373 61.3534
396.756 62.1574
396.13 62.9552
395.497 63.7466
394.855 64.5317
394.206 65.3104
393.549 66.0825
392.884 66.848
392.212 67.6068
391.532 68.3589
390.845 69.1041
390.15 69.8424
389.448 70.5738
388.739 71.298
388.022 72.0152
387.298 72.7251
386.568 73.4278
385.83 74.1231
385.085 74.811
384.334 75.4915
383.575 76.1643
382.81 76.8296
382.039 77.4872
381.261 78.137
380.476 78.779
379.685 79.4132
378.888 80.0394
378.084 80.6576
377.275 81.2677
376.459 81.8697
375.637 82.4636
374.81 83.0491
373.976 83.6264
373.137 84.1953
372.293 84.7558
371.442 85.3078
370.586 85.8513
369.725 86.3862
368.859 86.9124
367.987 87.43
367.11 87.9388
366.228 88.4389
365.341 88.93
364.45 89.4123
363.553 89.8857
362.652 90.35
361.746 90.8054
360.836 91.2516
359.921 91.6887
359.002 92.1167
358.079 92.5354
357.151 92.9449
356.22 93.3451
355.285 93.736
354.345 94.1175
353.402 94.4895
352.456 94.8522
351.505 95.2053
350.551 95.5489
349.594 95.883
348.634 96.2075
347.67 96.5223
346.703 96.8275
345.734 97.123
344.761 97.4089
343.786 97.6849
342.807 97.9512
341.827 98.2077
340.843 98.4544
339.857 98.6913
338.869 98.9182
337.879 99.1353
336.887 99.3425
335.892 99.5397
334.896 99.727
333.898 99.9043
332.898 100.072
331.896 100.229
330.893 100.376
329.889 100.513
328.883 100.641
327.876 100.758
326.868 100.865
325.859 100.962
324.849 101.049
323.838 101.125
322.826 101.192
321.814 101.249
320.801 101.295
319.788 101.331
318.775 101.357
317.761 101.373
316.747 101.379
315.734 101.375
314.72 101.361
313.706 101.336
312.693 101.301
311.68 101.257
310.668 101.202
309.656 101.137
308.645 101.062
307.635 100.976
306.626 100.881
305.618 100.775
304.61 100.66
303.604 100.534
302.6 100.399
301.597 100.253
300.595 100.097
299.595 99.9316
298.596 99.7559
297.6 99.5702
296.605 99.3745
295.612 99.169
294.621 98.9535
293.633 98.7281
292.647 98.4928
291.663 98.2477
290.682 97.9927
289.703 97.728
288.727 97.4535
287.754 97.1692
286.784 96.8752
285.817 96.5716
284.853 96.2583
283.892 95.9353
282.934 95.6028
281.98 95.2607
281.029 94.909
280.082 94.5479
279.138 94.1774
278.198 93.7974
277.262 93.408
276.33 93.0093
275.402 92.6013
274.478 92.184
273.558 91.7575
272.643 91.3219
271.732 90.8771
270.825 90.4232
269.923 89.9602
269.026 89.4883
268.134 89.0074
267.246 88.5177
266.363 88.0191
265.486 87.5116
264.613 86.9954
263.746 86.4706
262.884 85.9371
262.027 85.3949
261.176 84.8443
260.33 84.2851
259.49 83.7176
258.656 83.1416
257.827 82.5574
257.005 81.9649
256.188 81.3642
255.378 80.7553
254.573 80.1384
253.775 79.5135
252.983 78.8806
252.197 78.2398
251.418 77.5912
250.645 76.9349
249.879 76.2708
249.12 75.5991
248.367 74.9199
247.622 74.2332
246.883 73.539
246.151 72.8375
245.426 72.1287
244.708 71.4127
243.998 70.6896
243.295 69.9594
242.599 69.2222
241.91 68.478
241.229 67.7271
240.556 66.9693
239.89 66.2049
239.232 65.4338
238.581 64.6562
237.938 63.8721
237.304 63.0816
236.677 62.2849
236.058 61.4819
235.447 60.6727
234.845 59.8575
234.25 59.0363
233.664 58.2092
233.086 57.3763
232.516 56.5376
231.955 55.6933
231.403 54.8434
230.858 53.9881
230.323 53.1273
229.796 52.2612
229.278 51.3899
228.768 50.5135
228.267 49.632
227.775 48.7455
227.292 47.8542
226.818 46.958
226.353 46.0572
225.897 45.1518
225.45 44.2419
225.012 43.3275
224.584 42.4088
224.164 41.4859
223.754 40.5588
223.353 39.6277
222.961 38.6926
222.579 37.7536
222.206 36.8108
221.843 35.8644
221.489 34.9144
221.145 33.9609
220.81 33.004
220.485 32.0438
220.169 31.0804
219.863 30.1139
219.567 29.1443
219.28 28.1719
219.003 27.1966
218.736 26.2187
218.479 25.2381
218.232 24.2549
217.994 23.2694
217.766 22.2815
217.548 21.2914
217.34 20.2992
217.142 19.3049
216.954 18.3087
216.776 17.3107
216.608 16.311
216.45 15.3096
216.302 14.3067
216.164 13.3023
216.036 12.2966
215.918 11.2897
215.81 10.2817
215.712 9.27263
215.625 8.26264
215.547 7.25182
215.48 6.24028
215.422 5.22811
215.375 4.21542
215.338 3.20231
215.311 2.18888
215.294 1.17523
215.287 0.161462
215.291 -0.852321
215.304 -1.86602
215.328 -2.87953
215.362 -3.89276
215.406 -4.90559
215.46 -5.91793
215.524 -6.92969
215.599 -7.94075
215.683 -8.95101
215.778 -9.96038
215.882 -10.9688
215.997 -11.976
216.122 -12.9821
216.257 -13.9869
216.402 -14.9903
216.557 -15.9922
216.722 -16.9924
216.896 -17.991
217.081 -18.9878
217.276 -19.9827
217.481 -20.9756
217.696 -21.9664
217.92 -22.955
218.155 -23.9413
218.399 -24.9252
218.653 -25.9066
218.917 -26.8854
219.191 -27.8616
219.474 -28.8349
219.768 -29.8054
220.071 -30.7728
220.383 -31.7373
220.705 -32.6985
221.037 -33.6565
221.378 -34.611
221.729 -35.5622
222.09 -36.5098
222.459 -37.4537
222.839 -38.3939
223.227 -39.3302
223.625 -40.2626
224.033 -41.191
224.449 -42.1153
224.875 -43.0353
225.31 -43.9511
225.754 -44.8624
226.207 -45.7693
226.669 -46.6716
227.14 -47.5692
227.621 -48.4621
228.11 -49.3501
228.608 -50.2332
229.114 -51.1113
229.63 -51.9842
230.154 -52.852
230.687 -53.7145
231.228 -54.5716
231.778 -55.4232
232.337 -56.2693
232.904 -57.1098
233.479 -57.9445
234.062 -58.7735
234.654 -59.5966
235.254 -60.4137
235.863 -61.2248
236.479 -62.0298
237.103 -62.8285
237.735 -63.621
238.376 -64.4071
239.024 -65.1868
239.679 -65.96
240.343 -66.7265
241.014 -67.4864
241.692 -68.2396
242.379 -68.9859
243.072 -69.7253
243.773 -70.4578
244.481 -71.1832
245.197 -71.9014
245.919 -72.6125
246.649 -73.3164
247.386 -74.0129
248.129 -74.702
248.88 -75.3836
249.637 -76.0577
250.401 -76.7242
251.171 -77.383
251.948 -78.0341
252.732 -78.6773
253.522 -79.3127
254.318 -79.9402
255.121 -80.5597
255.929 -81.1711
256.744 -81.7744
257.565 -82.3695
258.391 -82.9564
259.224 -83.535
260.062 -84.1053
260.906 -84.6671
261.755 -85.2205
262.61 -85.7653
263.471 -86.3016
264.336 -86.8292
265.207 -87.3482
266.083 -87.8584
266.964 -88.3598
267.85 -88.8524
268.741 -89.3361
269.637 -89.8109
270.538 -90.2767
271.443 -90.7335
272.352 -91.1812
273.266 -91.6197
274.185 -92.0492
275.107 -92.4694
276.034 -92.8803
276.965 -93.282
277.9 -93.6744
278.838 -94.0573
279.781 -94.4309
280.727 -94.795
281.676 -95.1497
282.63 -95.4948
283.586 -95.8304
284.546 -96.1564
285.509 -96.4728
286.476 -96.7796
287.445 -97.0766
288.417 -97.364
289.392 -97.6416
290.37 -97.9095
291.35 -98.1675
292.333 -98.4158
293.319 -98.6542
294.306 -98.8827
295.296 -99.1014
296.288 -99.3101
297.282 -99.509
298.279 -99.6978
299.276 -99.8767
300.276 -100.046
301.277 -100.205
302.28 -100.353
303.284 -100.492
304.29 -100.621
305.297 -100.74
306.305 -100.848
307.314 -100.947
308.324 -101.035
309.334 -101.114
310.346 -101.182
311.358 -101.24
312.371 -101.288
313.384 -101.326
314.397 -101.354
315.411 -101.372
316.424 -101.379
317.438 -101.376
318.452 -101.364
319.465 -101.341
320.479 -101.308
321.492 -101.264
322.504 -101.211
323.516 -101.148
324.527 -101.074
325.537 -100.991
326.547 -100.897
327.555 -100.793
328.563 -100.679
329.569 -100.555
330.574 -100.421
331.577 -100.277
332.579 -100.123
333.58 -99.9587
334.578 -99.7845
335.575 -99.6004
336.57 -99.4064
337.563 -99.2024
338.554 -98.9884
339.543 -98.7646
340.529 -98.5309
341.514 -98.2874
342.495 -98.034
343.474 -97.7708
344.451 -97.4979
345.424 -97.2151
346.395 -96.9227
347.363 -96.6206
348.327 -96.3088
349.289 -95.9874
350.247 -95.6564
351.202 -95.3158
352.153 -94.9657
353.101 -94.6061
354.045 -94.237
354.986 -93.8585
355.922 -93.4706
356.855 -93.0734
357.784 -92.6669
358.709 -92.2511
359.629 -91.8261
360.545 -91.3919
361.457 -90.9485
362.364 -90.4961
363.267 -90.0346
364.165 -89.5641
365.058 -89.0846
365.946 -88.5963
366.83 -88.0991
367.708 -87.593
368.582 -87.0782
369.45 -86.5547
370.313 -86.0226
371.17 -85.4818
372.022 -84.9325
372.869 -84.3748
373.71 -83.8085
374.545 -83.2339
375.374 -82.651
376.198 -82.0598
377.016 -81.4604
377.827 -80.8528
378.633 -80.2372
379.432 -79.6135
380.225 -78.9819
381.011 -78.3424
381.792 -77.695
382.565 -77.0399
383.332 -76.3771
384.093 -75.7066
384.847 -75.0286
385.593 -74.343
386.333 -73.6501
387.066 -72.9497
387.792 -72.2421
388.511 -71.5272
389.223 -70.8052
389.927 -70.0761
390.624 -69.34
391.314 -68.597
391.996 -67.8471
392.671 -67.0904
393.338 -66.3271
393.997 -65.557
394.649 -64.7805
395.293 -63.9974
395.929 -63.208
396.557 -62.4122
397.177 -61.6102
397.789 -60.802
398.393 -59.9878
398.989 -59.1675
399.577 -58.3413
400.156 -57.5093
400.727 -56.6716
401.289 -55.8282
401.843 -54.9792
402.389 -54.1247
402.926 -53.2647
403.454 -52.3995
403.974 -51.529
404.485 -50.6534
404.987 -49.7727
405.48 -48.887
405.965 -47.9964
406.44 -47.1011
406.907 -46.201
407.364 -45.2963
407.813 -44.3871
408.252 -43.4734
408.682 -42.5554
409.103 -41.6331
409.515 -40.7067
409.917 -39.7762
410.31 -38.8417
410.694 -37.9034
411.068 -36.9612
411.433 -36.0154
411.788 -35.0659
412.134 -34.113
412.471 -33.1566
412.797 -32.1969
413.115 -31.234
413.422 -30.268
413.72 -29.299
414.008 -28.327
414.287 -27.3522
414.555 -26.3746
414.814 -25.3944
415.063 -24.4117
415.302 -23.4265
415.532 -22.439
415.751 -21.4493
415.961 -20.4574
416.16 -19.4634
416.35 -18.4675
416.529 -17.4698
416.699 -16.4703
416.859 -15.4692
417.009 -14.4665
417.148 -13.4624
417.278 -12.4569
417.397 -11.4502
417.507 -10.4423
417.606 -9.4334
417.695 -8.42355
417.775 -7.41286
417.844 -6.40143
417.903 -5.38935
417.952 -4.37674
417.99 -3.36369
418.019 -2.3503
418.037 -1.33668
418.046 -0.322924
