0 1
0.0166667 0.966944
0.0333333 0.934444
0.05 0.9025
0.0666667 0.871111
0.0833333 0.840278
0.1 0.81
0.116667 0.780278
0.133333 0.751111
0.15 0.7225
0.166667 0.694444
0.183333 0.666944
0.2 0.64
0.216667 0.613611
0.233333 0.587778
0.25 0.5625
0.266667 0.537778
0.283333 0.513611
0.3 0.49
0.316667 0.466944
0.333333 0.444444
0.35 0.4225
0.366667 0.401111
0.383333 0.380278
0.4 0.36
0.416667 0.340278
0.433333 0.321111
0.45 0.3025
0.466667 0.284444
0.483333 0.266944
0.5 0.25
0.516667 0.233611
0.533333 0.217778
0.55 0.2025
0.566667 0.187778
0.583333 0.173611
0.6 0.16
0.616667 0.146944
0.633333 0.134444
0.65 0.1225
0.666667 0.111111
0.683333 0.100278
0.7 0.09
0.716667 0.0802778
0.733333 0.0711111
0.75 0.0625
0.766667 0.0544444
0.783333 0.0469444
0.8 0.04
0.816667 0.0336111
0.833333 0.0277778
0.85 0.0225
0.866667 0.0177778
0.883333 0.0136111
0.9 0.01
0.916667 0.00694444
0.933333 0.00444444
0.95 0.0025
0.966667 0.00111111
0.983333 0.000277778
1 4.43734e-31
