0 0
0.0166667 0.000430151
0.0333333 0.00177805
0.05 0.00413244
0.0666667 0.00758489
0.0833333 0.0122288
0.1 0.018158
0.116667 0.0254656
0.133333 0.0342416
0.15 0.0445712
0.166667 0.0565326
0.183333 0.0701936
0.2 0.0856098
0.216667 0.102821
0.233333 0.121849
0.25 0.142694
0.266667 0.165333
0.283333 0.189718
0.3 0.215774
0.316667 0.243399
0.333333 0.272463
0.35 0.302811
0.366667 0.334265
0.383333 0.366627
0.4 0.39968
0.416667 0.433198
0.433333 0.466949
0.45 0.500697
0.466667 0.534213
0.483333 0.567277
0.5 0.59968
0.516667 0.631234
0.533333 0.66177
0.55 0.691144
0.566667 0.719233
0.583333 0.74594
0.6 0.771193
0.616667 0.794942
0.633333 0.817159
0.65 0.837835
0.666667 0.856979
0.683333 0.874615
0.7 0.890779
0.716667 0.905519
0.733333 0.918888
0.75 0.930949
0.766667 0.941767
0.783333 0.95141
0.8 0.959949
0.816667 0.967453
0.833333 0.973992
0.85 0.979634
0.866667 0.984446
0.883333 0.988489
0.9 0.991826
0.916667 0.994513
0.933333 0.996606
0.95 0.998154
0.966667 0.999207
0.983333 0.999808
1 1
