0 1
0.0166667 0.99957
0.0333333 0.998222
0.05 0.995868
0.0666667 0.992415
0.0833333 0.987771
0.1 0.981842
0.116667 0.974534
0.133333 0.965758
0.15 0.955429
0.166667 0.943467
0.183333 0.929806
0.2 0.91439
0.216667 0.897179
0.233333 0.878151
0.25 0.857306
0.266667 0.834667
0.283333 0.810282
0.3 0.784226
0.316667 0.756601
0.333333 0.727537
0.35 0.697189
0.366667 0.665735
0.383333 0.633373
0.4 0.60032
0.416667 0.566802
0.433333 0.533051
0.45 0.499303
0.466667 0.465787
0.483333 0.432723
0.5 0.40032
0.516667 0.368766
0.533333 0.33823
0.55 0.308856
0.566667 0.280767
0.583333 0.25406
0.6 0.228807
0.616667 0.205058
0.633333 0.182841
0.65 0.162165
0.666667 0.143021
0.683333 0.125385
0.7 0.109221
0.716667 0.0944814
0.733333 0.081112
0.75 0.0690512
0.766667 0.0582334
0.783333 0.04859
0.8 0.0400513
0.816667 0.032547
0.833333 0.0260078
0.85 0.0203656
0.866667 0.0155544
0.883333 0.0115108
0.9 0.00817408
0.916667 0.00548673
0.933333 0.00339434
0.95 0.00184577
0.966667 0.000793136
0.983333 0.000191735
1 2.96218e-31
