0 0
0.0166667 0.000194444
0.0333333 0.000777778
0.05 0.00175
0.0666667 0.00311111
0.0833333 0.00486111
0.1 0.007
0.116667 0.00952778
0.133333 0.0124444
0.15 0.01575
0.166667 0.0194444
0.183333 0.0235278
0.2 0.028
0.216667 0.0328611
0.233333 0.0381111
0.25 0.04375
0.266667 0.0497778
0.283333 0.0561944
0.3 0.063
0.316667 0.0701944
0.333333 0.0777778
0.35 0.08575
0.366667 0.0941111
0.383333 0.102861
0.4 0.112
0.416667 0.121528
0.433333 0.131444
0.45 0.14175
0.466667 0.152444
0.483333 0.163528
0.5 0.175
0.516667 0.186861
0.533333 0.199111
0.55 0.21175
0.566667 0.224778
0.583333 0.238194
0.6 0.252
0.616667 0.266194
0.633333 0.280778
0.65 0.29575
0.666667 0.311111
0.683333 0.326861
0.7 0.343
0.716667 0.359528
0.733333 0.376444
0.75 0.39375
0.766667 0.411444
0.783333 0.429528
0.8 0.448
0.816667 0.466861
0.833333 0.486111
0.85 0.50575
0.866667 0.525778
0.883333 0.546194
0.9 0.567
0.916667 0.588194
0.933333 0.609778
0.95 0.63175
0.966667 0.654111
0.983333 0.676861
1 0.7
