202031 0
202001 2020.07
201910 4038.73
201758 6054.56
201546 8066.15
201274 10072.1
200941 12070.9
200548 14061.3
200094 16041.8
199581 18011
199008 19967.4
198798 21956.4
198146 23892.3
197434 25812
196664 27714.2
195250 29509.2
194322 31359.6
193335 33187.3
192290 34991
191188 36769.2
190028 38520.6
188811 40243.6
187537 41936.9
186206 43599
184820 45228.5
183378 46824
181880 48384
180327 49907
178720 51391.7
177059 52836.6
175343 54240.1
173575 55600.8
171753 56917.2
169879 58187.8
167953 59411.1
165975 60585.5
163945 61709.4
161865 62781.4
159734 63799.7
157552 64762.7
155321 65668.8
153041 66516.3
150711 67303.3
148332 68028.1
145904 68688.9
143428 69283.8
140904 69810.7
138331 70267.6
135710 70652.3
133041 70962.7
130324 71196.3
127558 71350.7
124743 71423.2
121879 71411
118965 71311.2
116000 71120.4
112984 70835.3
109915 70451.9
106791 69966.2
103611 69373.6
100373 68668.9
97073.5 67846.5
93709.3 66899.9
90276.5 65821.9
86769.9 64604
83183.5 63236.5
79509.7 61707.8
75738.8 60004.3
71858.8 58109.4
67854.2 56002.5
63704.8 53657.8
59383.5 51041.8
54853.2 48109.9
50060.3 44799.9
44924.7 41020.3
39315.9 36626.5
32997.4 31362.5
25450.9 24678.9
14923.4 14763.2
13641.8 13767.9
24052.2 24765
30893 32451.8
36243.7 38842.9
40695.2 44497.5
44517.4 49665.1
47861 54481.8
50820.5 59030.8
53459.7 63367.2
55824.7 67529.1
57949.5 71544.4
59860.5 75433.7
61578.6 79212.8
63120.6 82894
64500.5 86487.1
65729.9 89999.7
66818.8 93438.2
67775.5 96807.7
68607.6 100112
69321.4 103355
69922.8 106540
70416.8 109668
70808.1 112741
71101 115762
71299.1 118730
71406.1 121648
71425.1 124516
71359.2 127335
71211.3 130105
70983.9 132826
70679.5 135499
70300.6 138124
69849.4 140700
69328 143229
68738.5 145708
68082.9 148140
67363.1 150523
66580.9 152856
65738.2 155141
64836.7 157376
63878.2 159561
62864.2 161696
61796.5 163781
60676.6 165814
59506.2 167796
58286.7 169727
57019.9 171605
55707 173431
54349.8 175204
52949.7 176923
51508.1 178589
50026.5 180201
48506.5 181758
46949.4 183260
45356.7 184706
43729.8 186097
42070.3 187432
40379.4 188711
38658.7 189932
36909.6 191097
35133.4 192204
33331.7 193254
31505.9 194245
29657.2 195178
27787.3 196052
25897.4 196868
23989.1 197624
22063.6 198321
20122.5 198959
18167.2 199537
16199 200055
14219.4 200513
12229.7 200911
10231.5 201249
8226.08 201526
6214.9 201743
4199.37 201899
2180.89 201995
160.882 202030
-1859.24 202004
-3878.05 201918
-5894.15 201772
-7906.12 201565
-9912.55 201297
-11912 200969
-13903.1 200581
-15884.4 200132
-17854.5 199624
-19812 199055
-21755.5 198427
-23683.5 197739
-25594.7 196992
-27487.6 196186
-29360.8 195321
-31212.9 194397
-33042.5 193415
-34848.2 192375
-36628.5 191277
-38382 190122
-40107.3 188909
-41803 187640
-43467.7 186314
-45099.8 184932
-46698 183494
-48260.9 182001
-49787 180452
-51274.8 178849
-52722.8 177192
-54129.7 175481
-55493.8 173717
-56813.8 171900
-58088.1 170030
-59315.2 168107
-60493.5 166133
-61621.6 164108
-62697.7 162032
-63720.4 159905
-64687.9 157727
-65598.5 155500
-66450.7 153224
-67242.6 150898
-67972.5 148523
-68638.5 146099
-69238.6 143627
-69771 141106
-70233.5 138537
-70624.1 135920
-70940.5 133255
-72269.5 132539
-72482.1 129823
-72615.3 127060
-72666.3 124248
-72632.4 121388
-72510.5 118479
-72297.6 115521
-71990 112511
-71584 109450
-71075.4 106336
-70459.7 103167
-69731.9 99940.5
-68886.2 96654.2
-67916.2 93304.9
-66814.7 89888.5
-65573.4 86400.3
-64182.5 82834.3
-62630.5 79183
-60904 75437.3
-58986.4 71585.5
-56857.4 67612.7
-54491.5 63499.1
-51855.7 59218.9
-48905.9 54736.2
-45581.3 49999.8
-41792.7 44933
-37399.7 39412.2
-32156.9 33215.6
-25547.9 25866.4
-15961 15840
-12633.8 12289.7
-24294.8 23164.8
-32201.1 30094.4
-38722.2 35470.1
-44469 39923.8
-49707.8 43737.4
-54582.5 47066.6
-59180.2 50008.1
-63558.3 52627.4
-67756.7 54970.9
-71804.1 57073.5
-75721.9 58961.6
-79526.4 60656.4
-83230.4 62175
-86843.9 63531.3
-90375 64737
-93830 65802.2
-97214.3 66735.4
-100532 67544
-103787 68234.5
-106982 68812.8
-110119 69283.8
-113201 69652.4
-116228 69922.6
-119203 70098.4
-122126 70183.3
-124998 70180.5
-127820 70093.1
-130592 69923.8
-133315 69675.4
-135989 69350.4
-138613 68951.1
-141189 68479.7
-143716 67938.6
-146194 67329.6
-148623 66654.9
-151002 65916.3
-153332 65115.7
-155612 64254.9
-157842 63335.6
-160021 62359.7
-162150 61328.8
-164228 60244.4
-166254 59108.3
-168229 57922
-170151 56687.2
-172021 55405.2
-173838 54077.8
-175601 52706.3
-177311 51292.4
-178966 49837.4
-180567 48342.9
-182114 46810.3
-183604 45241.1
-185039 43636.7
-186419 41998.7
-187741 40328.4
-189007 38627.2
-190216 36896.6
-191368 35138.1
-192462 33353
-193498 31542.9
-194476 29709
-195395 27852.8
-196255 25975.8
-197056 24079.4
-197798 22164.9
-198481 20233.9
-199104 18287.6
-199667 16327.6
-200170 14355.3
-200613 12372
-200996 10379.1
-201319 8378.21
-201581 6370.59
-201782 4357.69
-201923 2340.93
-202003 321.722
-202023 -1698.52
-201982 -3718.38
-201881 -5736.44
-201719 -7751.3
-201496 -9761.53
-201214 -11765.7
-200870 -13762.5
-200467 -15750.4
-200003 -17728
-199480 -19693.9
-198897 -21646.7
-198254 -23585
-197552 -25507.4
-196790 -27412.5
-195970 -29298.8
-195091 -31164.9
-194153 -33009.5
-193158 -34831.1
-192104 -36628.3
-190993 -38399.6
-189825 -40143.7
-188599 -41859.2
-187317 -43544.6
-185979 -45198.4
-184585 -46819.4
-183136 -48406
-181632 -49956.7
-180073 -51470.3
-178459 -52945.1
-176792 -54379.8
-175071 -55772.8
-173297 -57122.8
-171471 -58428.2
-169593 -59687.4
-167662 -60899.1
-165681 -62061.6
-163648 -63173.5
-161565 -64233
-159432 -65238.7
-157249 -66188.9
-155017 -67081.9
-152736 -67916
-150406 -68689.5
-148027 -69400.7
-145601 -70047.6
-143127 -70628.3
-140605 -71141
-138035 -71583.5
-135418 -71953.7
-132754 -72249.4
-130042 -72468.3
-127282 -72607.9
-124474 -72665.6
-121618 -72638.5
-118713 -72523.8
-115759 -72318.2
-112753 -72018.3
-109696 -71620.2
-106587 -71120
-103422 -70513
-100200 -69794.3
-96918.5 -68958.2
-93574.3 -67998.4
-90163.4 -66907.7
-86681.1 -65677.8
-83121.6 -64299.2
-79477.4 -62760.5
-75739.6 -61048.4
-71896.7 -59146.7
-67934.1 -57035.4
-63832.6 -54689.5
-59566.9 -52076.6
-55101.9 -49153.8
-50388 -45861.8
-45351.2 -42114.3
-39872.9 -37776.6
-33742.3 -32614.8
-26515.4 -26147.2
-16840.8 -16942.5
-10937.4 -11225.8
-22505.6 -23565.8
-29612.2 -31634.6
-35080.8 -38236.1
-39595.1 -44032.3
-43452.9 -49305.3
-46816.5 -54205.2
-49786.2 -58822.5
-52429.3 -63216.5
-54793.4 -67428
-56914 -71486.5
-58818.4 -75414
-60527.9 -79227
-62059.9 -82938.6
-63428.7 -86559
-64646.1 -90096.3
-65722.1 -93557.2
-66665.5 -96947
-67483.8 -100270
-68183.5 -103530
-68770.5 -106729
-69249.9 -109871
-69626.4 -112957
-69904.4 -115989
-70087.6 -118968
-70179.6 -121895
-70183.6 -124771
-70102.8 -127597
-69940 -130373
-69697.8 -133100
-69378.8 -135777
-68985.3 -138406
-68519.6 -140985
-67983.9 -143516
-67380.3 -145998
-66710.7 -148430
-65977.1 -150814
-65181.4 -153147
-64325.4 -155431
-63410.7 -157665
-62439.3 -159849
-61412.6 -161982
-60332.5 -164064
-59200.4 -166094
-58018.1 -168073
-56787.1 -169999
-55508.8 -171873
-54184.9 -173694
-52816.9 -175462
-51406.3 -177176
-49954.6 -178836
-48463.1 -180441
-46933.5 -181992
-45367.2 -183487
-43765.6 -184927
-42130.2 -186310
-40462.4 -187637
-38763.6 -188908
-37035.4 -190122
-35279 -191278
-33496 -192376
-31687.8 -193417
-29855.7 -194399
-28001.3 -195323
-26125.9 -196188
-24231 -196994
-22317.9 -197741
-20388.1 -198428
-18443.1 -199056
-16484.1 -199624
-14512.7 -200132
-12530.2 -200580
-10538.1 -200967
-8537.78 -201294
-6530.65 -201561
-4518.13 -201768
-2501.63 -201913
-482.572 -201999
1537.63 -202023
3557.57 -201987
5575.82 -201891
7590.98 -201733
9601.62 -201516
11606.3 -201238
13603.7 -200899
15592.4 -200501
17570.8 -200042
19537.7 -199523
21491.7 -198945
23431.2 -198307
25354.9 -197609
27261.4 -196852
29149.2 -196037
31017 -195162
32863.3 -194229
34686.8 -193238
36485.9 -192189
38259.4 -191083
40005.7 -189919
41723.5 -188698
43411.3 -187421
45067.8 -186087
46691.4 -184698
48280.7 -183253
49834.4 -181753
51351 -180198
52828.9 -178589
54266.8 -176926
55663.3 -175210
57016.7 -173440
58325.7 -171618
59588.7 -169744
60804.2 -167817
61970.7 -165840
63086.6 -163811
64150.4 -161732
65160.4 -159603
66115 -157424
67012.7 -155196
67851.5 -152919
68630 -150593
69346.1 -148218
69998.2 -145796
70584.3 -143325
71102.4 -140807
71550.6 -138241
71926.7 -135628
72228.4 -132967
72453.5 -130259
72599.5 -127503
72663.8 -124699
72643.6 -121847
72536 -118946
72337.7 -115995
72045.4 -112994
71655.4 -109941
71163.4 -106836
70565.2 -103675
69855.5 -100458
69029 -97181.7
68079.3 -93842.7
66999.3 -90437.3
65780.8 -86960.9
64414.4 -83407.7
62889 -79770.6
61191.3 -76040.7
59305.3 -72206.7
57211.6 -68254.2
54885.4 -64164.7
52295.2 -59913.1
49399 -55465.6
46139.1 -50773.9
42432 -45766.4
38148 -40329.2
33064.5 -34262.2
26731 -27150.6
17867.2 -17788.3
9619.07 -9386.95
22816.1 -21824.3
31059.7 -29120.4
37745.2 -34685.9
43592.6 -39262.6
48900.7 -43165.6
53826.5 -46564.3
58463.9 -49562.6
62873.9 -52229.7
67098.8 -54614.6
71168.6 -56753.6
75105.9 -58674.3
78927.5 -60398.7
82646.8 -61944.3
86274.1 -63325.6
89817.8 -64554.7
93284.6 -65641.6
96679.9 -66595.3
100008 -67423.3
103273 -68132.2
106477 -68728
109623 -69215.8
112714 -69600.4
115750 -69886
118733 -70076.6
121664 -70175.8
124544 -70186.7
127374 -70112.6
130154 -69956.2
132885 -69720.2
135566 -69407.2
138199 -69019.5
140782 -68559.5
143317 -68029.3
145803 -67431
148239 -66766.6
150626 -66038.1
152964 -65247.2
155252 -64395.9
157490 -63485.9
159677 -62518.9
161814 -61496.6
163900 -60420.6
165935 -59292.7
167918 -58114.3
169848 -56887
171727 -55612.5
173552 -54292.2
175324 -52927.6
177042 -51520.4
178706 -50071.8
180316 -48583.5
181871 -47056.9
183371 -45493.4
184815 -43894.6
186203 -42261.8
187535 -40596.5
188810 -38900.1
190028 -37174.2
191188 -35420
192292 -33639.1
193337 -31832.8
194324 -30002.6
195252 -28149.9
196122 -26276.1
196933 -24382.7
197684 -22471
198376 -20542.5
199009 -18598.6
199581 -16640.6
200094 -14670.2
200547 -12688.5
200939 -10697.1
201271 -8697.37
201543 -6690.72
201754 -4678.57
201905 -2662.33
201995 -643.417
